225
maison
289000.0
60000.0
229000.0
1125.4166666666667
407763.11999999994
70138.11999999998
5395.24
219840.0
10574.670399999999
210680.0
15538.2912
201520.0
20286.1024
192360.0
24818.104
183200.0
29134.296
174040.0
33234.6784
164880.0
37119.2512
155720.0
40788.0144
146560.0
44240.968
137400.0
47478.112
128240.0
50499.4464
119080.0
53304.9712
109920.0
55894.6864
100760.0
58268.592
91600.0
60426.687999999995
82440.0
62368.97439999999
73280.0
64095.45119999999
64120.0
65606.11839999999
54960.0
66900.976
45800.0
67980.02399999999
36640.0
68843.26239999999
27480.0
69490.69119999999
18320.0
69922.31039999999
9160.0
70138.11999999998
0.0
