225 Avenue Godefroy
maison
214000.0
75000.0
139000.0
826.4166666666666
290497.92
42572.92
3274.84
133440.0
6418.6864
127880.0
9431.5392
122320.0
12313.398399999998
116760.0
15064.264
111200.0
17684.136
105640.0
20173.0144
100080.0
22530.8992
94520.0
24757.790399999998
88960.0
26853.688
83400.0
28818.591999999997
77840.0
30652.502399999998
72280.0
32355.419199999997
66720.0
33927.342399999994
61160.0
35368.272
55600.0
36678.208
50040.0
37857.1504
44480.0
38905.0992
38920.0
39822.05439999999
33360.0
40608.015999999996
27800.0
41262.984
22240.0
41786.958399999996
16680.0
42179.93919999999
11120.0
42441.9264
5560.0
42572.92
0.0
